1
1
1
1
1
1
1
1
1
1
1
1
1
1
1
1
1
1
1
1
1
1
1
1
1
1
1
1
1
1
1
1
1
1
1
1
1
1
1
1
1
1
1
1
1
1
1
1
1
1
1
1
1
1
1
1
1
1
1
1
1
1
1
1
1
1
1
1
1
1
1
1
1
1
1
1
1
1
1
1
1
1
1
1
1
1
1
1
1
1
1
1
1
1
1
1
1
1
1
1
1
1
1
1
1
1
1
1
1
1
1
1
1
1
1
1
1
1
1
1
1
1
1
1
1
1
1
1
1
1
1
1
1
1
1
1
1
1
1
1
1
1
1
1
1
1
1
1
1
1
1
1
1
1
1
1
1
1
1
1
1
1
1
1
1
1
1
1
1
1
1
1
1
1
1
1
1
1
1
1
1
1
1
1
1
1
1
1
1
1
1
1
1
1
1
1
1
1
1
1
1
1
1
1
1
1
1
1
1
1
1
1
1
1
1
1
1
1
1
1
1
1
1
1
1
1
1
1
1
1
1
1
1
1
1
1
1
1
1
1
1
1
1
1
1
1
1
1
1
1
1
1
1
1
1
1
1
1
1
1
1
1
1
1
1
1
1
1
1
1
1
1
1
1
1
1
1
1
1
1
1
1
1
1
1
1
1
1
1
1
1
1
1
1
1
1
1
1
1
1
1
1
1
1
1
1
1
1
1
1
1
1
1
1
1
1
1
1
1
1
1
1
1
1
1
1
1
1
1
1
1
1
1
1
1
1
1
1
1
1
1
1
1
1
1
1
1
1
1
1
1
1
1
1
1
1
1
1
1
1
1
1
1
1
1
1
1
1
1
1
1
1
1
1
1
1
1
1
1
1
1
1
1
1
1
1
1
1
1
1
1
1
1
1
1
1
1
1
1
1
1
1
1
1
1
1
1
1
1
1
1
1
1
1
1
1
1
1
1
1
1
1
1
1
1
1
1
1
1
1
1
1
1
1
1
1
1
1
1
1
1
1
1
1
1
1
1
1
1
1
1
1
1
1
1
1
1
1
1
1
1
1
1
1
1
1
1
1
1
1
1
1
1
1
1
1
1
1
1
1
1
1
1
1
1
1
1
1
1
1
1
1
1
1
1
1
1
1
1
1
1
1
1
1
1
1
1
1
1
1
1
1
1
1
1
1
1
1
1
1
1
1
1
1
1
1
1
1
1
1
1
1
1
1
1
1
1
1
1
1
1
1
1
1
1
1
1
1
1
1
1
1
1
1
1
1
1
1
1
1
1
1
1
1
1
1
1
1
1
1
1
1
1
1
1
1
1
1
1
1
1
1
1
1
1
1
1
1
1
1
1
1
1
1
1
1
1
1
1
1
1
1
1
1
1
1
1
1
1
1
1
0.999822780369018
0.999645466220899
0.999468435624189
0.999291121476071
0.999113901845088
0.998936682214106
0.998759368065987
0.998582337469277
0.998405023321158
0.998227803690176
0.997932437638539
0.997637071586901
0.997341705535264
0.997046339483626
0.996750973431989
0.996455607380352
0.996160241328714
0.995864875277077
0.995569509225440
0.995274143173802
0.994860630701510
0.994447212746354
0.994033511239789
0.993620093284633
0.993206580812341
0.992793068340049
0.992379650384893
0.991965948878327
0.991552530923171
0.991139018450879
0.990607454075069
0.990075700664985
0.989544041772038
0.989012288361954
0.988480723986143
0.987949159610332
0.987417406200249
0.986885747307301
0.986353993897218
0.985822429521407
0.985172529690668
0.984522818894203
0.983873013580600
0.983223302784135
0.982573402953396
0.981923503122657
0.981273792326192
0.980623987012589
0.979974276216124
0.979324376385385
0.978556424651128
0.977788378399734
0.977020615699750
0.976252569448356
0.975484617714099
0.974716665979842
0.973948619728449
0.973180857028464
0.972412810777071
0.971644859042814
0.970758760887902
0.969872662732989
0.968986564578077
0.968100466423165
0.967214368268253
0.966328270113341
0.965442171958429
0.964556073803517
0.963669975648605
0.962783877493693
0.961838611611317
0.960893534763214
0.959948363397974
0.959003286549871
0.958058020667495
0.957112754785119
0.956167677937016
0.955222506571776
0.954277429723674
0.953332163841297
0.952357503129462
0.951382842417627
0.950408181705792
0.949433520993958
0.948458954799259
0.947484105053151
0.946509444341316
0.945534783629481
0.944560122917646
0.943585556722947
0.942492560556184
0.941399658906558
0.940306757256931
0.939213855607305
0.938121142991951
0.937028146825188
0.935935245175562
0.934842343525935
0.933749441876309
0.932656540226682
0.931356929599478
0.930057413489410
0.928757613827933
0.927458097717865
0.926158487090661
0.924858876463456
0.923559360353388
0.922259560691911
0.920960044581843
0.919660433954639
0.918095041139529
0.916529648324419
0.914964255509309
0.913398862694200
0.911833564396227
0.910267982546844
0.908702589731734
0.907137196916624
0.905571804101515
0.904006505803541
0.902116163073062
0.900225820342583
0.898335383094967
0.896445040364488
0.894554792151146
0.892664449420667
0.890774106690188
0.888883669442572
0.886993326712093
0.885103078498750
0.882887785852902
0.880672398689917
0.878457200561205
0.876241907915357
0.874026709786645
0.871811322623660
0.869596029977811
0.867380831849099
0.865165444686114
0.862950152040266
0.860469077206512
0.857988096889895
0.855506833021868
0.853025852705250
0.850544777871497
0.848063703037743
0.845582722721126
0.843101458853099
0.840620478536481
0.838139403702728
0.835451525374259
0.832763836080064
0.830075957751596
0.827388268457401
0.824700579163206
0.822012700834738
0.819324917023406
0.816637133212074
0.813949349400743
0.811261565589411
0.808455540840288
0.805649421574028
0.802843491342041
0.800037466592918
0.797231536360931
0.794425417094672
0.791619392345549
0.788813462113562
0.786007342847302
0.783201318098179
0.780306825309269
0.777412143486087
0.774517556180041
0.771622874356858
0.768728381567949
0.765833888779039
0.762939206955856
0.760044619649810
0.757149937826628
0.754255445037718
0.751242616793880
0.748229977584316
0.745217243857615
0.742204604648050
0.739191776404213
0.736178948160375
0.733166308950811
0.730153575224109
0.727140936014545
0.724128107770708
0.720938248930161
0.717748201055340
0.714558247697657
0.711368199822837
0.708178340982290
0.704988482141743
0.701798434266923
0.698608480909240
0.695418433034420
0.692228574193873
0.688802327994879
0.685375987278750
0.681949930114029
0.678523589397900
0.675097343198906
0.671671096999913
0.668244756283783
0.664818699119062
0.661392358402933
0.657966112203939
0.654362551856827
0.650759180543988
0.647155714714012
0.643552343401173
0.639948783054060
0.636345222706948
0.632741851394109
0.629138385564133
0.625535014251294
0.621931453904182
0.618150862960360
0.614370082982265
0.610589397521307
0.606808617543212
0.603028026599391
0.599247435655569
0.595466655677474
0.591685970216516
0.587905190238421
0.584124599294600
0.580166694202659
0.576208883627855
0.572250789501641
0.568292978926837
0.564335073834897
0.560377168742956
0.556419358168152
0.552461264041938
0.548503453467134
0.544545548375194
0.540410423652271
0.536275298929348
0.532140174206425
0.528005049483502
0.523869924760579
0.519734800037656
0.515599675314733
0.511464550591810
0.507329425868887
0.503194301145964
0.498822978098867
0.494451466017498
0.490080048453265
0.485708536371895
0.481337213324799
0.476965890277703
0.472594378196333
0.468222960632100
0.463851448550731
0.459480125503635
0.454944248121850
0.450408465257202
0.445872493358281
0.441336710493633
0.436800833111848
0.432265050247200
0.427729172865415
0.423193200966494
0.418657418101846
0.414121540720062
0.409468178537578
0.404814627320821
0.400160981586928
0.395507430370171
0.390853784636277
0.386200233419520
0.381546587685627
0.376893036468870
0.372239390734976
0.367585839518220
0.362844198330223
0.358099721628130
0.353355433960310
0.348611146292490
0.343866669590397
0.339122381922577
0.334377905220484
0.329633617552664
0.324889235367708
0.320144758665615
0.315371926822564
0.310596164948282
0.305820308556863
0.301044546682581
0.296268784808298
0.291493022934016
0.286717072025461
0.281941310151178
0.277165548276896
0.272389691885477
0.267599374372170
0.262803858416354
0.258008342460538
0.253212826504722
0.248417310548906
0.243621889110227
0.238826373154411
0.234030857198595
0.229235341242779
0.224439825286963
0.219735045782210
0.215202760051614
0.210670568838154
0.206138283107557
0.201605902859824
0.197073806163500
0.192541425915767
0.188009140185170
0.183476854454574
0.178944663241113
0.174412377510517
0.169908919506560
0.165878803322315
0.161848781655207
0.157818665470962
0.153788643803853
0.149758527619608
0.145728505952500
0.141698578802528
0.137668462618283
0.133638440951175
0.129608324766930
0.125578303099822
0.121548186915577
0.117548883317839
0.114273675503011
0.110998184136773
0.107722976321945
0.104447579472844
0.101172277140879
0.0978968802917780
0.0946215779598134
0.0913461811107123
0.0880706897444748
0.0847954819296468
0.0815199905634090
0.0782447827485810
0.0749693858994798
0.0716940835675152
0.0684186867184140
0.0651433843864494
0.0628192079993253
0.0609758402856989
0.0591321890206625
0.0572886322727627
0.0554451700419997
0.0536016132940999
0.0517581510633366
0.0499145943154368
0.0480711320846738
0.0462275753367740
0.0443839240717376
0.0425405563581109
0.0406969050930748
0.0388534428623115
0.0370098861144117
0.0351663293665121
0.0333228671357489
0.0314793103878490
0.0296358481570858
0.0277922914091862
0.0259488291784230
0.0241052724305231
0.0222616211654870
0.0204181589347238
0.0185746021868239
0.0167311399560607
0.0148875832081611
0.0130440264602613
0.0112005642294980
0.00935700748159849
0.00818272657742474
0.00701364411575984
0.00584475068836832
0.00467585726097654
0.00350677479931164
0.00233788137191986
0.00116889342739179
0
-0.00116908246166489
-0.00233797588905668
-0.00350686931644847
-0.00467576274384025
-0.00584484520550488
-0.00701373863289666
-0.00818272657742501
-0.00935162000481679
-0.0105207024664814
-0.0116895958938732
-0.0128584893212650
-0.0140273827486568
-0.0151964652103214
-0.0163653586377132
-0.0175343465822415
-0.0187033345267699
-0.0198723224712979
-0.0210412158986897
-0.0222101093260815
-0.0233791917877464
-0.0245480852151382
-0.0257169786425300
-0.0268859665870580
-0.0280550490487229
-0.0292239424761147
-0.0303928359035065
-0.0315617293308980
-0.0327308117925629
-0.0338997052199547
-0.0350686931644831
-0.0362375865918748
-0.0374066690535395
-0.0385755624809313
-0.0397444559083230
-0.0409135383699879
-0.0420824317973795
-0.0432513252247712
-0.0444203131692996
-0.0455893011138279
-0.0465671754083046
-0.0472437290715432
-0.0479203772519180
-0.0485969309151566
-0.0492734845783952
-0.0499501327587701
-0.0506266864220086
-0.0513032400852469
-0.0519797937484855
-0.0526564419288604
-0.0533329955920989
-0.0540095492553373
-0.0546861029185758
-0.0553628456160872
-0.0560393047621893
-0.0567158584254279
-0.0573926011229393
-0.0580691547861778
-0.0587457084494161
-0.0594221675955182
-0.0600989102930296
-0.0607754639562682
-0.0614520176195067
-0.0621285712827451
-0.0628052194631202
-0.0634817731263585
-0.0641583267895971
-0.0648349749699719
-0.0655115286332105
-0.0661880822964491
-0.0668646359596874
-0.0675412841400625
-0.0682178378033008
-0.0688943914665394
-0.0695711341640508
-0.0702475933101528
-0.0709241469733911
-0.0716007006366297
-0.0722774433341411
-0.0729539969973797
-0.0736304561434817
-0.0743070098067200
-0.0749837525042317
-0.0756603061674700
-0.0763368598307086
-0.0770135080110835
-0.0776900616743220
-0.0783666153375606
-0.0790431690007989
-0.0797198171811741
-0.0803963708444124
-0.0810729245076509
-0.0817495726880258
-0.0824261263512644
-0.0831026800145027
-0.0837792336777413
-0.0844558818581164
-0.0851324355213547
-0.0858089891845933
-0.0864855428478316
-0.0871622855453433
-0.0878388392085816
-0.0885152983546836
-0.0891920410521950
-0.0898685947154336
-0.0905451483786722
-0.0912217020419105
-0.0918983502222856
-0.0925749038855239
-0.0932514575487625
-0.0939280112120008
-0.0946046593923759
-0.0952812130556145
-0.0959577667188528
-0.0966344148992279
-0.0973109685624662
-0.0979875222257048
-0.0986640758889431
-0.0993407240693183
-0.100017277732557
-0.100693831395795
-0.101370385059034
-0.102047127756545
-0.102723586902647
-0.103192959002625
-0.103590876147391
-0.103988698775020
-0.104386615919786
-0.104784722098825
-0.105182639243591
-0.105580556388357
-0.105978379015986
-0.106376296160752
-0.106774402339791
-0.107172319484557
-0.107570236629322
-0.107968059256952
-0.108365976401718
-0.108763893546484
-0.109161999725522
-0.109559916870288
-0.109957834015054
-0.110355656642683
-0.110753573787449
-0.111151490932215
-0.111549597111254
-0.111947514256020
-0.112345336883649
-0.112743254028415
-0.113141171173181
-0.113539277352220
-0.113937194496986
-0.114335017124615
-0.114732934269381
-0.115130851414146
-0.115528768558912
-0.115926874737951
-0.116324697365581
-0.116722614510347
-0.117120531655112
-0.117518448799878
-0.117916365944644
-0.118314472123683
-0.118712294751312
-0.119110211896078
-0.119508129040844
-0.119906235219883
-0.120304152364649
-0.120701974992278
-0.121099892137044
-0.121497809281810
-0.121895726426576
-0.122293832605615
-0.122691655233244
-0.123089572378010
-0.123487489522775
-0.123885406667541
-0.124283512846580
-0.124681335474210
-0.125079252618976
-0.125477169763741
-0.125875086908507
-0.126273004053273
-0.126671110232312
-0.127068932859941
-0.127466850004707
-0.127864767149473
-0.128262684294239
-0.128660601439005
-0.129058613100907
-0.129456530245673
-0.129854447390439
-0.130252364535204
-0.130650281679970
-0.131048293341873
-0.131446210486638
-0.131844127631404
-0.132242044776170
-0.132639961920936
-0.133037879065702
-0.133435890727604
-0.133833807872370
-0.134231725017136
-0.134629642161902
-0.135027559306668
-0.135425570968570
-0.135823488113336
-0.136221405258102
-0.136619322402868
-0.137017239547634
-0.137415156692399
-0.137813168354302
-0.138211085499068
-0.138609002643833
-0.139006919788599
-0.139404836933365
-0.139802754078131
-0.140200765740033
-0.140598682884799
-0.140996600029565
-0.141394517174331
-0.141792434319097
-0.142190445980999
-0.142588363125765
-0.142986280270531
-0.143384197415297
-0.143782114560063
-0.144180126221965
-0.144578043366731
-0.144975960511497
-0.145373877656263
-0.145771794801028
-0.146169711945794
-0.146567723607697
-0.146965640752462
-0.147363557897228
-0.147761475041994
-0.148159392186760
-0.148557309331526
-0.148955320993428
-0.149353238138194
-0.149751155282960
-0.150149072427726
-0.150546989572491
-0.150945001234394
-0.151342918379160
-0.151740835523926
-0.152138752668692
-0.152536669813457
-0.152934586958223
-0.153332598620126
-0.153730515764891
-0.154128432909657
-0.154526350054423
-0.154924267199189
-0.155322278861091
-0.155720196005857
-0.156118113150623
-0.156516030295389
-0.156913947440155
-0.157311864584921
-0.157709876246823
-0.158107793391589
-0.158505710536354
-0.158903627681120
-0.159301544825886
-0.159699556487789
-0.160097473632555
-0.160495390777320
-0.160809943807672
-0.161058807428140
-0.161307671048607
-0.161556534669075
-0.161805492806679
-0.162054450944283
-0.162303314564751
-0.162552272702355
-0.162801230839959
-0.163050094460426
-0.163298958080894
-0.163548010735635
-0.163796874356102
-0.164045832493706
-0.164294696114174
-0.164543654251778
-0.164792517872245
-0.165041476009850
-0.165290339630317
-0.165539297767921
-0.165788255905525
-0.166037214043129
-0.166285983146460
-0.166534941284064
-0.166783899421669
-0.167032763042136
-0.167281626662604
-0.167530679317344
-0.167779542937812
-0.168028501075416
-0.168277364695884
-0.168526322833488
-0.168775186453955
-0.169024144591559
-0.169273008212027
-0.169521966349631
-0.169770924487235
-0.170019882624839
-0.170268746245307
-0.170517609865774
-0.170766568003378
-0.171015526140983
-0.171264389761450
-0.171513347899054
-0.171762306036658
-0.172011169657126
-0.172260033277594
-0.172508991415198
-0.172757949552802
-0.173006813173269
-0.173255676793737
-0.173504729448478
-0.173753593068945
-0.174002551206549
-0.174251414827017
-0.174500278447484
-0.174749236585088
-0.174998194722692
-0.175247058343160
-0.175496016480764
-0.175744974618368
-0.175993838238836
-0.176242701859303
-0.176491659996908
-0.176740618134512
-0.176989481754979
-0.177238345375447
-0.177487398030187
-0.177736261650655
-0.177985219788259
-0.178234083408727
-0.178483041546331
-0.178731905166798
-0.178980863304402
-0.179229726924870
-0.179478685062474
-0.179727643200078
-0.179976601337682
-0.180225370441013
-0.180474328578617
-0.180723286716221
-0.180972150336689
-0.181221013957157
-0.181470066611897
-0.181718930232365
-0.181967888369969
-0.182216751990437
-0.182465710128041
-0.182714573748508
-0.182963531886112
-0.183212395506580
-0.183461353644184
-0.183710311781788
-0.183959269919392
-0.184208133539860
-0.184456997160327
-0.184705955297931
-0.184954913435535
-0.185203871573140
-0.185452735193607
-0.185701693331211
-0.185950556951679
-0.186199515089283
-0.186448378709751
-0.186697336847355
-0.186946200467822
-0.187195253122563
-0.187444116743030
-0.187692980363498
-0.187941938501102
-0.188190896638706
-0.188439665742037
-0.188688623879641
-0.188937582017245
-0.189186540154849
-0.189435403775317
-0.189684361912921
-0.189933225533389
-0.190182089153856
-0.190431141808597
-0.190680005429065
-0.190928869049532
-0.191177827187136
-0.191426785324740
-0.191675648945208
-0.191924607082812
-0.192173565220416
-0.192422428840884
-0.192671292461351
-0.192920250598955
-0.193169208736559
-0.193418072357027
-0.193667030494631
-0.193915988632235
-0.194164852252703
-0.194413810390307
-0.194662674010774
-0.194911537631242
-0.195160495768846
-0.195409453906450
-0.195658317526918
-0.195907275664522
-0.196156233802126
-0.196405097422593
-0.196653961043061
-0.196902919180665
-0.197151877318269
-0.197400740938737
-0.197649699076341
-0.197898657213945
-0.198147520834413
-0.198396478972017
-0.198645342592484
-0.198894300730088
-0.199143164350556
-0.199392122488160
-0.199641080625764
-0.199889944246232
-0.200138807866699
-0.200387860521440
-0.200636724141907
-0.200885587762375
-0.201134545899979
-0.201383504037583
-0.201632367658051
-0.201881325795655
-0.202130283933259
-0.202379147553726
-0.202628011174194
-0.202876969311798
-0.203125832932266
-0.203374791069870
-0.203623749207474
-0.203872612827941
-0.204121570965546
-0.204370529103150
-0.204619392723617
-0.204868256344085
-0.205117214481689
-0.205366172619293
-0.205615036239761
-0.205863994377365
-0.206112952514969
-0.206361816135436
-0.206610679755904
-0.206859637893508
-0.207108596031112
-0.207357459651580
-0.207606417789184
-0.207855375926788
-0.208104239547256
-0.208353197684860
-0.208602061305327
-0.208850924925795
-0.209099883063399
-0.209348841201003
-0.209597704821471
-0.209846662959075
-0.210095621096679
-0.210344484717146
-0.210593348337614
-0.210842306475218
-0.211091264612822
-0.211340128233290
-0.211589086370894
-0.211838044508498
-0.212086908128965
-0.212335866266569
-0.212584824404174
-0.212833688024641
-0.213082551645109
-0.213331509782713
-0.213580467920317
-0.213829331540784
-0.214078289678389
-0.214327247815993
-0.214576111436460
-0.214825069574064
-0.215073933194532
-0.215322891332136
-0.215571754952604
-0.215820713090208
-0.216069671227812
-0.216318534848279
-0.216567492985883
-0.216816451123488
-0.217065220226819
-0.217314178364423
-0.217563136502027
-0.217812000122494
-0.218060958260098
-0.218309916397702
-0.218558780018170
-0.218807738155774
-0.219056601776242
-0.219305559913846
-0.219518790573844
-0.219713968460766
-0.219909051830551
-0.220104229717473
-0.220299407604395
-0.220494490974181
-0.220689668861103
-0.220884752230888
-0.221079930117810
-0.221275108004732
-0.221470191374517
-0.221665369261439
-0.221860452631225
-0.222055630518147
-0.222250713887932
-0.222445986291991
-0.222641164178913
-0.222836247548698
-0.223031425435620
-0.223226603322542
-0.223421686692327
-0.223616864579250
-0.223812042466172
-0.224007125835957
-0.224202303722879
-0.224397387092664
-0.224592564979586
-0.224787648349372
-0.224982826236294
-0.225177909606079
-0.225373182010138
-0.225568359897060
-0.225763443266845
-0.225958621153767
-0.226153799040689
-0.226348882410474
-0.226544060297396
-0.226739238184318
-0.226934321554104
-0.227129499441026
-0.227324582810811
-0.227519760697733
-0.227714844067519
-0.227910021954441
-0.228105199841363
-0.228300377728285
-0.228495555615206
-0.228690638984992
-0.228885816871914
-0.229080994758836
-0.229276172645758
-0.229471256015543
-0.229666433902465
-0.229861517272251
-0.230056695159173
-0.230251778528958
-0.230446956415880
-0.230642039785665
-0.230837217672587
-0.231032395559509
-0.231227573446431
-0.231422751333353
-0.231617834703139
-0.231813107107197
-0.232008190476983
-0.232203368363905
-0.232398451733690
-0.232593629620612
-0.232788712990397
-0.232983890877319
-0.233178974247105
-0.233374152134027
-0.233569330020949
-0.233764507907871
-0.233959591277656
-0.234154769164578
-0.234349947051500
-0.234545124938422
-0.234740302825344
-0.234935386195130
-0.235130564082052
-0.235325647451837
-0.235520825338759
-0.235715908708544
-0.235911086595466
-0.236106169965252
-0.236301442369310
-0.236496525739096
-0.236691703626018
-0.236886881512940
-0.237081964882725
-0.237277237286784
-0.237472320656569
-0.237667498543491
-0.237862581913276
-0.238057759800198
-0.238252843169984
-0.238448021056906
-0.238643104426691
-0.238838282313613
-0.239033460200535
-0.239228638087457
-0.239423721457243
-0.239618899344165
-0.239814077231087
-0.240009255118009
-0.240204433004931
-0.240399516374716
-0.240594694261638
-0.240789777631423
-0.240984955518345
-0.241180038888131
-0.241375216775053
-0.241570300144838
-0.241765572548897
-0.241960655918682
-0.242155833805604
-0.242350917175389
-0.242546095062311
-0.242741367466370
-0.242936450836155
-0.243131628723077
-0.243326712092863
-0.243521889979785
-0.243716973349570
-0.243912151236492
-0.244107234606278
-0.244302412493200
-0.244497590380122
-0.244692768267044
-0.244887851636829
-0.245083029523751
-0.245278112893536
-0.245473290780458
-0.245668563184517
-0.245863646554302
-0.246058824441224
-0.246253907811010
-0.246449085697932
-0.246644169067717
-0.246839346954639
-0.247034430324424
-0.247229702728483
-0.247424786098268
-0.247619963985190
-0.247815047354976
-0.248010225241898
-0.248205308611683
-0.248400486498605
-0.248595758902664
-0.248790842272449
-0.248986020159371
-0.249181103529157
-0.249376281416079
-0.249571364785864
-0.249766542672786
-0.249961720559708
-0.250156898446630
-0.250351981816415
-0.250547159703337
-0.250742337590259
-0.250937420960045
-0.251132598846967
-0.251327682216752
-0.251522860103674
-0.251717943473460
-0.251913121360381
-0.252108299247303
-0.252303477134225
-0.252498560504011
-0.252693832908069
-0.252888916277855
-0.253084094164777
-0.253279177534562
-0.253474355421484
-0.253669533308406
-0.253864616678192
-0.254059794565113
-0.254254877934899
-0.254450055821821
-0.254645139191606
-0.254840411595665
-0.255035494965450
-0.255230767369509
-0.255425850739294
-0.255621028626216
-0.255816111996002
-0.256011289882924
-0.256206373252709
-0.256401551139631
-0.256596729026553
-0.256791812396338
-0.256986990283260
-0.257182073653046
-0.257377251539968
-0.257572429426890
-0.257767607313812
-0.257962785200734
-0.258157963087656
-0.258353046457441
-0.258548224344363
-0.258743307714149
-0.258938485601070
-0.259133568970856
-0.259328746857778
-0.259523924744700
-0.259719008114485
-0.259914186001407
-0.260109269371193
-0.260304541775251
-0.260499625145037
-0.260694803031959
-0.260889980918881
-0.261085158805803
-0.261280242175588
-0.261475420062510
-0.261670503432295
-0.261865681319217
-0.262060764689003
-0.262255942575925
-0.262451120462847
-0.262646203832632
-0.262841381719554
-0.263036559606476
-0.263231737493398
-0.263426820863184
-0.263621998750105
-0.263817176637028
-0.264012354523949
-0.264207437893735
-0.264402615780657
-0.264597699150442
-0.264792877037364
-0.264988054924286
-0.265183138294072
-0.265378316180994
-0.265573494067916
-0.265768671954838
-0.265963755324623
-0.266158933211545
-0.266354016581330
-0.266549194468252
-0.266744372355174
-0.266939550242096
-0.267134633611882
-0.267329811498804
-0.267524894868589
-0.267720072755511
-0.267915250642433
-0.268110334012219
-0.268305511899141
-0.268500689786062
-0.268695867672985
-0.268890951042770
-0.269086128929692
-0.269281212299477
-0.269476390186399
-0.269671568073321
-0.269866745960243
-0.270061829330029
-0.270257007216951
-0.270452090586736
-0.270647268473658
-0.270842446360580
-0.271037624247502
-0.271232707617287
-0.271427885504209
-0.271623063391131
-0.271818146760917
-0.272013324647839
-0.272208502534761
-0.272403680421683
-0.272598763791468
-0.272793941678390
-0.272989025048175
-0.273184202935097
-0.273379380822019
-0.273574464191805
-0.273769642078727
-0.273964725448512
-0.274159997852571
-0.274355081222356
-0.274550259109278
-0.274745342479064
-0.274940520365986
-0.275135698252908
-0.275330876139830
-0.275525959509615
-0.275721137396537
-0.275916220766322
-0.276111398653244
-0.276306576540166
-0.276501659909952
-0.276696837796874
-0.276892015683796
-0.277087193570718
-0.277282276940503
-0.277477454827425
-0.277672538197210
-0.277867716084132
-0.278062893971054
-0.278258071857976
-0.278453155227762
-0.278648333114684
-0.278843511001606
-0.279038594371391
-0.279200691260530
-0.279292656434368
-0.279384905159615
-0.279476870333453
-0.279568835507291
-0.279660989715401
-0.279753049406376
-0.279845014580214
-0.279936979754051
-0.280029133962162
-0.280121193653137
-0.280213064309838
-0.280305124000812
-0.280397278208923
-0.280489243382761
-0.280581208556599
-0.280673457281846
-0.280765422455684
-0.280857387629522
-0.280949352803360
-0.281041601528607
-0.281133566702445
-0.281225531876282
-0.281317497050120
-0.281409745775368
-0.281501710949205
-0.281593676123043
-0.281685924848291
-0.281777795504992
-0.281869855195966
-0.281961820369804
-0.282053974577915
-0.282145939751753
-0.282237999442727
-0.282329870099428
-0.282422118824676
-0.282514083998514
-0.282606049172351
-0.282698014346189
-0.282790263071437
-0.282882228245274
-0.282974193419112
-0.283066347627223
-0.283158407318197
-0.283250372492035
-0.283342337665873
-0.283434491873984
-0.283526551564958
-0.283618422221659
-0.283710481912634
-0.283802636120745
-0.283894601294583
-0.283986566468420
-0.284078815193668
-0.284170780367505
-0.284262745541343
-0.284354710715181
-0.284446959440428
-0.284538924614266
-0.284630889788104
-0.284722854961942
-0.284815103687189
-0.284906974343890
-0.284999034034865
-0.285091282760112
-0.285183153416814
-0.285275118590651
-0.285367178281626
-0.285459332489737
-0.285551297663574
-0.285643262837412
-0.285735228011250
-0.285827476736497
-0.285919441910335
-0.286011407084173
-0.286103372258011
-0.286195620983258
-0.286287586157096
-0.286379551330934
-0.286471705539045
-0.286563765230019
-0.286655730403857
-0.286747601060558
-0.286839849785805
-0.286931909476780
-0.287023780133481
-0.287115839824455
-0.287207994032566
-0.287300053723541
-0.287391924380242
-0.287484173105489
-0.287576138279327
-0.287668103453165
-0.287760068627003
-0.287852317352250
-0.287944282526088
-0.288036247699926
-0.288128212873763
-0.288220461599011
-0.288312332255712
-0.288404391946686
-0.288496546154797
-0.288588511328635
-0.288680476502473
-0.288772536193447
-0.288864690401558
-0.288956655575396
-0.289048620749234
-0.289140680440208
-0.289232834648319
-0.289324799822157
-0.289416764995995
-0.289509013721242
-0.289600884377943
-0.289692944068917
-0.289784909242755
-0.289877063450866
-0.289969028624704
-0.290061088315678
-0.290152958972380
-0.290245207697627
-0.290337267388601
-0.290429138045303
-0.290521103219140
-0.290613351944388
-0.290705317118226
-0.290797282292063
-0.290889531017311
-0.290981496191149
-0.291073461364986
-0.291165426538824
-0.291257675264072
-0.291349640437909
-0.291441605611747
-0.291533570785585
-0.291625819510832
-0.291717690167534
-0.291809749858508
-0.291901904066619
-0.291993963757593
-0.292085834414294
-0.292177894105269
-0.292270048313380
-0.292362013487217
-0.292453978661055
-0.292546038352030
-0.292638192560140
-0.292730157733978
-0.292822122907816
-0.292914371633063
-0.293006242289765
-0.293098301980739
-0.293190267154577
-0.293282421362688
-0.293374386536526
-0.293466446227500
-0.293558316884201
-0.293650565609449
-0.293742530783286
-0.293834590474261
-0.293926461130962
-0.294018709856209
-0.294110675030047
-0.294202640203885
-0.294294888929132
-0.294386854102970
-0.294478819276808
-0.294570784450646
-0.294663033175893
-0.294754998349731
-0.294846869006432
-0.294938928697407
-0.295031177422654
-0.295123142596492
-0.295215013253193
-0.295307261978440
-0.295399321669415
-0.295491192326116
-0.295583157499954
-0.295675406225201
-0.295767371399039
-0.295859336572877
-0.295951301746715
-0.296043550471962
-0.296135515645800
-0.296227480819638
-0.296319729544885
-0.296411600201586
-0.296503659892561
