 0.12394 
 0.50767 
 0.96897 
 1.16 
 0.97851 
 0.56935 
 0.06597 
 -0.44301 
 -0.80891 
 -0.88766 
 -0.67991 
 -0.33818 
 -0.035435 
 0.14121 
 0.18935 
 0.13605 
 0.030504 
 -0.061014 
 -0.10642 
 -0.098226 
 -0.037266 
 0.041841 
 0.0987 
 0.12751 
 0.12358 
 0.067009 
 -0.045326 
 -0.16688 
 -0.21911 
 -0.18855 
 -0.12988 
 -0.080701 
 -0.045857 
 -0.031509 
 -0.044872 
 -0.066967 
 -0.082896 
 -0.087381 
 -0.060745 
 -0.0050937 
 0.048976 
 0.088123 
 0.1207 
 0.12274 
 0.060364 
 -0.033481 
 -0.10778 
 -0.1574 
 -0.17828 
 -0.15448 
 -0.10345 
 -0.065961 
 -0.051124 
 -0.029275 
 0.014403 
 0.055341 
 0.072532 
 0.071233 
 0.047249 
 -0.013848 
 -0.088629 
 -0.1311 
 -0.12937 
 -0.10895 
 -0.094513 
 -0.088625 
 -0.08577 
 -0.083904 
 -0.079444 
 -0.065438 
 -0.042998 
 -0.025735 
 -0.019624 
 -0.017937 
 -0.015761 
 -0.014232 
 -0.018117 
 -0.031857 
 -0.052357 
 -0.068977 
 -0.073904 
 -0.068352 
 -0.055607 
 -0.038742 
 -0.022891 
 -0.011775 
 -0.010312 
 -0.021554 
 -0.036481 
 -0.04109 
 -0.031105 
 -0.015042 
 -0.0083689 
 -0.022246 
 -0.05091 
 -0.075818 
 -0.083386 
 -0.072401 
 -0.052259 
 -0.032188 
 -0.01199 
 0.01097 
 0.035745 
 0.059751 
 0.079268 
 0.086742 
 0.076335 
 0.053964 
 0.031327 
 0.014155 
  0.0043935 
 0.0033288 
 0.0077264 
 0.01297 
 0.017237 
 0.019742 
 0.020603 
 0.02236 
 0.026118 
 0.027974 
 0.024109 
 0.013901 
 -0.0016323 
 -0.020593 
 -0.038164 
 -0.047326 
 -0.045758 
 -0.036875 
 -0.024259 
 -0.011146 
 -0.0016359 
 0.0022435 
 0.0042162 
 0.0099557 
 0.021367 
 0.03535 
 0.045349 
 0.046696 
 0.041269 
 0.034726 
 0.027901 
 0.017487 
 0.0046836 
 -0.0064812 
 -0.013842 
 -0.017826 
 -0.019528 
 -0.018498 
 -0.015757 
 -0.015357 
 -0.018008 
 -0.018278 
 -0.011971 
 -0.001292 
 0.0091227 
 0.017043 
 0.021704 
 0.02247 
 0.018743 
 0.010646 
 0.001184 
 -0.0051517 
 -0.0070954 
 -0.0066361 
 -0.0035989 
 0.0042009 
 0.014129 
 0.020136 
 0.018916 
 0.012283 
 0.0047502 
 0.00035634 
 0.00087364 
 0.0066072 
 0.016904 
 0.028929 
 0.038433 
 0.042678 
 0.040571 
 0.034106 
 0.028852 
 0.027826 
 0.027958 
 0.024988 
 0.018266 
 0.0097973 
 0.0022482 
 -0.00057026 
 0.0041083 
 0.014683 
 0.026472 
 0.034651 
 0.036484 
 0.03321 
 0.028336 
 0.023278 
 0.016572 
 0.0082349 
 0.0015739 
 -0.00068896 
 0.00099183 
 0.0054827 
 0.012335 
 0.020061 
 0.02544 
 0.025603 
 0.020334 
 0.012876 
 0.0078535 
 0.0084043 
 0.014671 
 0.023154 
 0.029129 
 0.029702 
 0.025042 
 0.018075 
 0.012531 
 0.011051 
 0.012497 
 0.014046 
 0.015145 
 0.015668 
 0.014806 
 0.012997 
 0.012239 
 0.013605 
 0.015848 
 0.017002 
 0.015753 
 0.012241 
 0.0075817 
 0.0036553 
 0.0033815 
 0.0087331 
 0.017487 
 0.025532 
 0.030872 
 0.032765 
 0.03022 
 0.023195 
 0.013759 
 0.0045363 
 -0.0023568 
 -0.0056509 
 -0.0054668 
 -0.0031107 
 -0.00012762 
 0.0027553 
 0.0057389 
 0.0095724 
 0.014389 
 0.018742 
 0.020783 
 0.019829 
 0.016478 
 0.012524 
 0.01042 
 0.012074 
 0.017276 
 0.023635 
 0.028357 
 0.029438 
 0.026173 
 0.020128 
 0.014731 
 0.013291 
 0.016824 
 0.023462 
 0.029703 
 0.032562 
 0.030492 
 0.023959 
 0.015479 
 0.0079726 
 0.0031178 
 0.0010125 
 0.00054563 
 4.3352e-005 
 -0.0014096 
 -0.0032678 
 -0.0041417 
 -0.0036808 
 -0.0024766 
 0.0001182 
 0.0047815 
 0.010423 
 0.015361 
 0.018966 
 0.021452 
 0.023031 
 0.023358 
 0.022375 
 0.020194 
 0.016725 
 0.012265 
 0.0077101 
 0.0030177 
 -0.0022783 
 -0.0075532 
 -0.011461 
 -0.013853 
 -0.015842 
 -0.018115 
 -0.02015 
 -0.021154 
 -0.020659 
 -0.018303 
 -0.013843 
 -0.0073196 
 9.7696e-005 
 0.0066781 
 0.011213 
 0.013348 
 0.013377 
 0.01209 
 0.010304 
 0.0081244 
 0.0053163 
 0.0017023 
 -0.0024261 
 -0.0059784 
 -0.0070184 
 -0.00465 
 -0.00068883 
 0.0023243 
  0.0025207 
 -0.000527 
 -0.0055642 
 -0.0097266 
 -0.010753 
 -0.008552 
 -0.0047447 
 -0.001645 
 -0.00061417 
 -0.0015212 
 -0.0028802 
 -0.0035501 
 -0.0039839 
 -0.0056377 
 -0.0094433 
 -0.014976 
 -0.020105 
 -0.022537 
 -0.021454 
 -0.017725 
 -0.013105 
 -0.0091765 
 -0.0066345 
 -0.0051718 
 -0.0041794 
 -0.0032676 
 -0.0026956 
 -0.0028499 
 -0.0036721 
 -0.0050582 
 -0.0069632 
 -0.0094939 
 -0.012021 
 -0.013415 
 -0.012726 
 -0.010152 
 -0.0073439 
 -0.0063339 
 -0.0081125 
 -0.011771 
 -0.0148 
 -0.015077 
 -0.012122 
 -0.006936 
 -0.0015625 
 0.0021676 
 0.0037062 
 0.0037043 
 0.003535 
 0.0035717 
 0.0028045 
 7.4087e-005 
 -0.0046697 
 -0.010353 
 -0.015557 
 -0.019093 
 -0.020777 
 -0.020469 
 -0.018095 
 -0.013504 
 -0.0073034 
 -0.0016575 
 0.00095226 
 -0.00079824 
 -0.0059175 
 -0.011649 
 -0.01508 
 -0.01492 
 -0.012104 
 -0.0089731 
 -0.0077499 
 -0.0091321 
 -0.011783 
  -0.013736 
 -0.013801 
 -0.011967 
 -0.0088876 
 -0.0055089 
 -0.0026354 
 -0.0009472 
 -0.001339 
 -0.0037749 
 -0.0066136 
 -0.0077665 
 -0.0059902 
 -0.0017962 
 0.002872 
 0.0052571 
 0.0036699 
 -0.0010602 
 -0.0066011 
 -0.010726 
 -0.012923 
 -0.014329 
 -0.016117 
 -0.018043 
 -0.01898 
 -0.018037 
 -0.015359 
 -0.012146 
 -0.0097948 
 -0.0087893 
 -0.0082588 
 -0.0067885 
 -0.0041536 
 -0.0013078 
 0.0007783 
 0.0015918 
 0.001288 
 0.00070982 
 0.00050825 
 0.00064307 
 0.00086939 
 0.0014988 
 0.00293 
 0.005369 
 0.0086167 
 0.011736 
 0.013324 
 0.012613 
 0.01049 
 0.0087371 
 0.0085448 
 0.0095959 
 0.010165 
 0.0090328 
 0.0060858 
 0.0020994 
 -0.0014771 
 -0.0039421 
 -0.0054193 
 -0.0062112 
 -0.006502 
 -0.0058546 
 -0.0038621 
 -0.0013795 
 -6.4246e-005 
 -0.00089053 
 -0.0035407 
 -0.006312 
 -0.007223 
 -0.0057259 
 -0.0030009 
 -0.00097696 
 -0.00064435 
 -0.0012091 
 -0.00099633 
 0.00063685 
 0.0027875 
 0.0040521 
 0.0034559 
 0.001275 
 -0.0011781 
 -0.0032857 
 -0.0049348 
 -0.006795 
 -0.0094804 
 -0.012173 
 -0.013162 
 -0.012369 
 -0.010907 
 -0.0094186 
 -0.0083764 
 -0.006439 
 -0.0024677 
 0.0022321 
 0.0059922 
 0.0088316 
 0.011178 
 0.012793 
 0.013263 
 0.011684 
 0.0073079 
 0.00091907 
 -0.0069228 
 -0.015442 
 -0.021452 
 -0.020656 
 -0.011665 
 0.00061679 
 0.0095954 
 0.014404 
 0.018234 
 0.021662 
 0.023733 
 0.027092 
 0.034445
