0.1239400000
0.4689136238
0.9046738160
1.1497632498
1.0712983335
0.7521487927
0.3181361274
-0.1598474077
-0.5964072989
-0.8616092680
-0.8674321230
-0.6466084559
-0.3296002074
-0.0494834505
0.1248559168
0.1882726548
0.1601042415
0.0722169175
-0.0234924098
-0.0875507933
-0.1094541291
-0.0844546066
-0.0199226065
0.0511258438
0.1007563348
0.1270215381
0.1262951444
0.0827263445
-0.0103816582
-0.1277645060
-0.2079913393
-0.2118049737
-0.1653116026
-0.1125869487
-0.0712082007
-0.0419650744
-0.0316524174
-0.0447349669
-0.0652531913
-0.0806338598
-0.0882906320
-0.0736128942
-0.0295536267
0.0243511968
0.0670053021
0.1002316788
0.1262263490
0.1163039738
0.0513207968
-0.0351353928
-0.1039613434
-0.1516427856
-0.1771775910
-0.1663529365
-0.1236578710
-0.0799916365
-0.0578157070
-0.0456370068
-0.0184576367
0.0241779050
0.0588839414
0.0728134824
0.0715897697
0.0519956081
0.0009949402
-0.0690697751
-0.1212187674
-0.1343819727
-0.1199825116
-0.1019355768
-0.0920645942
-0.0878444912
-0.0854864010
-0.0837625835
-0.0795442321
-0.0672386225
-0.0469408782
-0.0289596272
-0.0206801483
-0.0185015312
-0.0168802725
-0.0147742714
-0.0145871332
-0.0205959659
-0.0351582178
-0.0542386220
-0.0691141698
-0.0739377466
-0.0696869056
-0.0590695091
-0.0441303251
-0.0287015946
-0.0161868781
-0.0095113015
-0.0130645411
-0.0260081511
-0.0385338540
-0.0405822052
-0.0305189677
-0.0156649365
-0.0081854839
-0.0177042543
-0.0422226869
-0.0682300958
-0.0825346710
-0.0801770459
-0.0650031129
-0.0459219507
-0.0277698417
-0.0088659226
0.0124918134
0.0352790700
0.0574639289
0.0763509572
0.0864371665
0.0818452842
0.0641539250
0.0423038516
0.0234876524
0.0099946504
0.0033480114
0.0038312240
0.0081886058
0.0129994586
0.0169725414
0.0194968558
0.0204446804
0.0215262007
0.0245400296
0.0276298003
0.0270798073
0.0211611628
0.0101005835
-0.0051349866
-0.0227752529
-0.0386117316
-0.0471407672
-0.0464922002
-0.0392016903
-0.0282087224
-0.0159000601
-0.0053147318
0.0007432631
0.0028651741
0.0053627921
0.0120131688
0.0232808725
0.0360918161
0.0451991035
0.0469742520
0.0425389968
0.0364147384
0.0305744407
0.0224943022
0.0112857550
-0.0002341539
-0.0093271597
-0.0150823760
-0.0182703908
-0.0195684170
-0.0184980000
-0.0159555682
-0.0151530718
-0.0173293751
-0.0188377237
-0.0153198564
-0.0067222927
0.0034357995
0.0122305094
0.0186509747
0.0221661434
0.0223016882
0.0185896188
0.0111794068
0.0023847344
-0.0041689628
-0.0068618088
-0.0069989985
-0.0055154564
-0.0006445079
0.0079700318
0.0165182524
0.0204731172
0.0182589585
0.0118853853
0.0049508768
0.0006111249
0.0003541498
0.0045085424
0.0128228257
0.0237327329
0.0340318404
0.0408476409
0.0426805439
0.0392417429
0.0330511521
0.0286316764
0.0278228191
0.0280190216
0.0257715414
0.0201868221
0.0126291359
0.0050070454
-0.0000483836
0.0004609652
0.0072620928
0.0178540291
0.0283321022
0.0351245503
0.0364577269
0.0334912655
0.0290255923
0.0244773509
0.0188613048
0.0114839036
0.0042373257
-0.0000269730
-0.0004635691
0.0019965221
0.0066997356
0.0132919128
0.0203667756
0.0253165816
0.0258879751
0.0216986632
0.0149066319
0.0091337436
0.0073693870
0.0108010151
0.0180169094
0.0254701348
0.0297811807
0.0292780591
0.0245889735
0.0181603031
0.0128916957
0.0110020866
0.0120208701
0.0135810687
0.0147116114
0.0155238404
0.0154828207
0.0141988698
0.0125988713
0.0123211184
0.0138025028
0.0158723135
0.0169849471
0.0160904967
0.0131900136
0.0090548135
0.0049362664
0.0028517123
0.0050820923
0.0117419351
0.0199511993
0.0268352915
0.0312885904
0.0327536877
0.0304316635
0.0242573709
0.0157587279
0.0070198505
-0.0002064013
-0.0046526965
-0.0059515965
-0.0047340848
-0.0022271610
0.0005174472
0.0031494512
0.0059393467
0.0094878351
0.0138845288
0.0180665950
0.0205183584
0.0204724355
0.0180992195
0.0144495746
0.0112873897
0.0104986743
0.0130994536
0.0183426095
0.0241443167
0.0283762824
0.0295045448
0.0269258427
0.0216400526
0.0161412369
0.0132524364
0.0145529534
0.0195351659
0.0259064085
0.0309118439
0.0325543397
0.0299392011
0.0237044105
0.0159002503
0.0088229468
0.0038964375
0.0013823111
0.0006234343
0.0003491217
-0.0005331198
-0.0021702423
-0.0037117839
-0.0041503286
-0.0035667309
-0.0023822322
0.0000259693
0.0042028728
0.0093741784
0.0141574166
0.0178536090
0.0204932245
0.0223575713
0.0233390338
0.0231809730
0.0219603208
0.0197247905
0.0163893221
0.0122650000
0.0080812482
0.0038232500
-0.0009372684
-0.0059323348
-0.0100989304
-0.0128322565
-0.0147101816
-0.0166279629
-0.0187383816
-0.0204426436
-0.0211839283
-0.0206245335
-0.0184907719
-0.0145910551
-0.0088829668
-0.0021110680
0.0043712031
0.0094228599
0.0124896233
0.0135850620
0.0131003100
0.0117468048
0.0100516535
0.0080038186
0.0054168159
0.0021502795
-0.0016176766
-0.0051565930
-0.0070524069
-0.0060405050
-0.0027852863
0.0007517134
0.0027404228
0.0020694363
-0.0012440730
-0.0059468810
-0.0097090493
-0.0108023558
-0.0090920706
-0.0057026793
-0.0024649835
-0.0007452639
-0.0008962433
-0.0021360682
-0.0031992154
-0.0036299224
-0.0041487417
-0.0059121353
-0.0095347694
-0.0146130264
-0.0194898929
-0.0222937313
-0.0221326775
-0.0193748708
-0.0152630839
-0.0111768492
-0.0080713923
-0.0061244113
-0.0049422621
-0.0040586988
-0.0032289817
-0.0027033832
-0.0027905885
-0.0034506756
-0.0046080834
-0.0061843246
-0.0082974525
-0.0107505712
-0.0127629690
-0.0134432286
-0.0122559041
-0.0096921199
-0.0071968864
-0.0063297682
-0.0078366867
-0.0110980629
-0.0142282757
-0.0153533455
-0.0137119970
-0.0096843689
-0.0045643118
-0.0000517892
0.0027756892
0.0037862264
0.0036798137
0.0035356908
0.0035826928
0.0030283213
0.0009123851
-0.0030218575
-0.0080824046
-0.0132369407
-0.0173530691
-0.0199145236
-0.0208971187
-0.0201605334
-0.0176686639
-0.0132912331
-0.0075814084
-0.0022407022
0.0007627075
0.0001477180
-0.0037780013
-0.0091848123
-0.0136605066
-0.0154244730
-0.0142336461
-0.0113268886
-0.0086359490
-0.0077636639
-0.0090878956
-0.0115180700
-0.0135006538
-0.0139808057
-0.0127751174
-0.0102869888
-0.0071922417
-0.0042218405
-0.0018949311
-0.0008160655
-0.0016307648
-0.0040351246
-0.0066277599
-0.0077724319
-0.0064522947
-0.0029147684
0.0015111028
0.0047539071
0.0049419642
0.0018742232
-0.0030736723
-0.0079346983
-0.0112794704
-0.0130888107
-0.0143753814
-0.0160155358
-0.0178193522
-0.0189196874
-0.0185264226
-0.0165100671
-0.0135809719
-0.0108909887
-0.0092665622
-0.0086444029
-0.0080459770
-0.0064758647
-0.0039859515
-0.0013729179
0.0006115016
0.0015397459
0.0014341471
0.0008872416
0.0005351236
0.0005563759
0.0007197997
0.0010069240
0.0017641095
0.0032555064
0.0056100655
0.0086167000
0.0115202754
0.0132200929
0.0129797621
0.0112273335
0.0093066871
0.0084218594
0.0089341719
0.0099417651
0.0100456867
0.0086069062
0.0056852302
0.0019985906
-0.0013044611
-0.0036668578
-0.0051658786
-0.0060251914
-0.0064654212
-0.0063192011
-0.0051014318
-0.0029052596
-0.0008106229
-0.0000529958
-0.0011586925
-0.0036949127
-0.0062460497
-0.0072481374
-0.0061680574
-0.0037569925
-0.0015143904
-0.0005879563
-0.0009045135
-0.0012884280
-0.0006074994
0.0011582220
0.0030791076
0.0040809766
0.0034660200
0.0014960543
-0.0007761533
-0.0028019194
-0.0044126885
-0.0059405255
-0.0080641139
-0.0107314624
-0.0127681719
-0.0130813866
-0.0121365109
-0.0107485645
-0.0093957619
-0.0084471836
-0.0068442597
-0.0034976840
0.0008530628
0.0046945405
0.0075894269
0.0099649494
0.0118875048
0.0130729397
0.0131497891
0.0112878137
0.0070625892
0.0011830436
-0.0059282616
-0.0138138541
-0.0202935700
-0.0219674869
-0.0164278940
-0.0059099847
0.0049801536
0.0110709502
0.0156845429
0.0183902325
0.0221389969
0.0237915776
0.0255911560
0.0367782203
0.0082281415
