1
1
1
1
1
1
1
1
1
1
1
1
1
1
1
1
1
1
1
1
1
1
1
1
1
1
1
1
1
1
1
1
1
1
1
1
1
1
1
1
1
1
1
1
1
1
1
1
1
1
1
1
1
1
1
1
1
1
1
1
1
1
1
1
1
1
1
1
1
1
1
1
1
1
1
1
1
1
1
1
1
1
1
1
1
1
1
1
1
1
1
1
1
1
1
1
1
1
1
1
1
1
1
1
1
1
1
1
1
1
1
1
1
1
1
1
1
1
1
1
1
1
1
1
1
1
1
1
1
1
1
1
1
1
1
1
1
1
1
1
1
1
1
1
1
1
1
1
1
1
1
1
1
1
1
1
1
1
1
1
1
1
1
1
1
1
1
1
1
1
1
1
1
1
1
1
1
1
1
1
1
1
1
1
1
1
1
1
1
1
1
1
1
1
1
1
1
1
1
1
1
1
1
1
1
1
1
1
1
1
1
1
1
1
1
1
1
1
1
1
1
1
1
1
1
1
1
1
1
1
1
1
1
1
1
1
1
1
1
1
1
1
1
1
1
1
1
1
1
1
1
1
1
1
1
1
1
1
1
1
1
1
1
1
1
1
1
1
1
1
1
1
1
1
1
1
1
1
1
1
1
1
1
1
1
1
1
1
1
1
1
1
1
1
1
1
1
1
1
1
1
1
1
1
1
1
1
1
1
1
1
1
1
1
1
1
1
1
1
1
1
1
1
1
1
1
1
1
1
1
1
1
1
1
1
1
1
1
1
1
1
1
1
1
1
1
1
1
1
1
1
1
1
1
1
1
1
1
1
1
1
1
1
1
1
1
1
1
1
1
1
1
1
1
1
1
1
1
1
1
1
1
1
1
1
1
1
1
1
1
1
1
1
1
1
1
1
1
1
1
1
1
1
1
1
1
1
1
1
1
1
1
1
1
1
1
1
1
1
1
1
1
1
1
1
1
1
1
1
1
1
1
1
1
1
1
1
1
1
1
1
1
1
1
1
1
1
1
1
1
1
1
1
1
1
1
1
1
1
1
1
1
1
1
1
1
1
1
1
1
1
1
1
1
1
1
1
1
1
1
1
1
1
1
1
1
1
1
1
1
1
1
1
1
1
1
1
1
1
1
1
1
1
1
1
1
1
1
1
1
1
1
1
1
1
1
1
1
1
1
1
1
1
1
1
1
1
1
1
1
1
1
1
1
1
1
1
1
1
1
1
1
1
1
1
1
1
1
1
1
1
1
1
1
1
1
1
1
1
1
1
1
1
1
1
1
1
1
1
1
1
1
1
1
1
1
1
1
1
1
1
1
1
1
1
1
1
1
1
1
1
1
1
1
1
1
1
1
1
1
1
1
1
1
1
1
1
1
1
1
1
0.999814944143727
0.999629789590998
0.999444931127639
0.999259776574909
0.999074720718637
0.998889664862364
0.998704510309635
0.998519651846275
0.998334497293546
0.998149441437273
0.997841015010152
0.997532588583031
0.997224162155910
0.996915735728788
0.996607309301667
0.996298882874546
0.995990456447425
0.995682030020304
0.995373603593183
0.995065177166062
0.994633380168092
0.994201681866579
0.993769687475696
0.993337989174183
0.992906192176214
0.992474395178244
0.992042696876731
0.991610702485848
0.991179004184335
0.990747207186365
0.990192138314004
0.989636872048729
0.989081704479911
0.988526438214636
0.987971369342275
0.987416300469914
0.986861034204639
0.986305866635821
0.985750600370546
0.985195531498185
0.984516894662061
0.983838455218852
0.983159917079185
0.982481477635975
0.981802840799852
0.981124203963729
0.980445764520519
0.979767226380852
0.979088786937642
0.978410150101519
0.977608241391004
0.976806233984033
0.976004522666431
0.975202515259459
0.974400606548944
0.973598697838429
0.972796690431458
0.971994979113856
0.971192971706884
0.970391062996369
0.969465783715006
0.968540504433642
0.967615225152279
0.966689945870915
0.965764666589552
0.964839387308188
0.963914108026825
0.962988828745461
0.962063549464098
0.961138270182735
0.960151206919490
0.959164341049159
0.958177376482371
0.957190510612040
0.956203447348796
0.955216384085552
0.954229518215221
0.953242553648433
0.952255687778102
0.951268624514858
0.950250866653586
0.949233108792315
0.948215350931043
0.947197593069772
0.946179933904957
0.945161978650772
0.944144220789501
0.943126462928229
0.942108705066958
0.941091045902143
0.939949720077110
0.938808492948533
0.937667265819956
0.936526038691380
0.935385008955716
0.934243683130683
0.933102456002107
0.931961228873530
0.930820001744954
0.929678774616377
0.928321698337044
0.926964720754167
0.925607447081921
0.924250469499044
0.922893393219711
0.921536316940378
0.920179339357502
0.918822065685256
0.917465088102379
0.916108011823046
0.914473401107532
0.912838790392018
0.911204179676505
0.909569568960991
0.907935056941934
0.906300248833507
0.904665638117993
0.903031027402479
0.901396416686965
0.899761904667908
0.897787975534333
0.895814046400758
0.893840018570725
0.891866089437150
0.889892259000031
0.887918329866456
0.885944400732881
0.883970372902848
0.881996443769273
0.880022613332154
0.877709365780517
0.875396019532424
0.873082870677243
0.870769623125606
0.868456474270426
0.866143128022332
0.863829880470695
0.861516731615515
0.859203385367421
0.856890137815784
0.854299355827967
0.851708672536606
0.849117693155875
0.846527009864513
0.843936227876696
0.841345445888878
0.838754762597517
0.836163783216786
0.833573099925425
0.830982317937607
0.828175588102576
0.825369055660459
0.822562325825428
0.819755793383311
0.816949260941193
0.814142531106162
0.811335899967588
0.808529268829014
0.805722637690440
0.802916006551866
0.799985906145986
0.797055707043650
0.794125705334228
0.791195604928349
0.788265603218926
0.785335404116590
0.782405303710710
0.779475302001288
0.776545102898952
0.773615002493073
0.770592522203742
0.767569844521498
0.764547265535711
0.761524587853467
0.758502107564136
0.755479627274805
0.752456949592561
0.749434370606774
0.746411692924530
0.743389212635199
0.740243164382107
0.737097313521928
0.733951363965292
0.730805513105113
0.727659464852021
0.724513416598928
0.721367565738749
0.718221616182113
0.715075765321934
0.711929717068842
0.708598810352390
0.705267706243025
0.701936700830116
0.698605596720751
0.695274690004299
0.691943783287847
0.688612679178482
0.685281673765574
0.681950569656209
0.678619662939757
0.675041916385151
0.671464071134090
0.667886521972397
0.664308676721335
0.660730930166730
0.657153183612124
0.653575338361063
0.649997789199370
0.646419943948309
0.642842197393703
0.639079296286368
0.635316592571947
0.631553790161069
0.627791086446647
0.624028185339313
0.620265284231978
0.616502580517557
0.612739778106678
0.608977074392257
0.605214173284922
0.601266413714228
0.597318456750621
0.593370598483470
0.589422641519862
0.585474881949168
0.581527122378474
0.577579165414867
0.573631307147716
0.569683350184108
0.565735590613414
0.561602676489991
0.557469861063024
0.553336749546687
0.549203934119720
0.545071019996297
0.540938105872874
0.536805290445907
0.532672178929570
0.528539363502603
0.524406449379180
0.520088479399483
0.515770509419787
0.511452539440091
0.507134569460395
0.502816599480699
0.498498629501003
0.494180659521306
0.489862689541610
0.485544719561914
0.481226749582218
0.476662137157282
0.472097327339432
0.467532616218039
0.462967806400189
0.458403193975253
0.453838581550316
0.449273771732466
0.444709060611073
0.440144250793224
0.435579638368287
0.430844675859123
0.426109515957046
0.421374553447882
0.416639393545805
0.411904431036641
0.407169271134563
0.402434308625399
0.397699247419779
0.392964186214158
0.388229125008537
0.383388853380097
0.378547989572917
0.373707027069280
0.368866163262100
0.364025299454919
0.359184435647739
0.354343571840559
0.349502609336922
0.344661745529741
0.339820881722561
0.334912016056729
0.329997919478693
0.325083724204201
0.320169726322621
0.315255531048129
0.310341533166549
0.305427337892057
0.300513241314021
0.295599046039528
0.290685048157949
0.285799178766523
0.280920909002262
0.276042639238000
0.271164369473739
0.266286198405934
0.261408027338129
0.256529856270324
0.251651586506063
0.246773415438258
0.241895244370453
0.237062671065634
0.232300863120253
0.227539252567786
0.222777642015319
0.218015932766395
0.213254223517471
0.208492514268547
0.203730903716079
0.198969095770699
0.194207485218232
0.189445874665765
0.184987064842388
0.180887214031952
0.176787165828602
0.172687117625253
0.168586970725447
0.164487119915011
0.160387071711661
0.156287023508312
0.152187074001419
0.148087025798069
0.143986977594720
0.139886929391371
0.135787078580934
0.132071354379892
0.128867470003186
0.125663783019393
0.122460096035600
0.119256211658894
0.116052524675101
0.112848738994852
0.109645052011059
0.106441167634353
0.103237480650560
0.100033694970310
0.0968300079865173
0.0936261236098112
0.0904224366260183
0.0872187496422255
0.0840149639619758
0.0808112769781830
0.0779264782459194
0.0756864634651379
0.0734463499878999
0.0712062365106619
0.0689662217298806
0.0667260095561857
0.0644858960789477
0.0622456839052530
0.0600056691244717
0.0577655556472338
0.0555253434735391
0.0532852299963008
0.0510452152155196
0.0488051017382816
0.0465648895645869
0.0443247760873489
0.0420847613065674
0.0398445491328727
0.0376044356556347
0.0353644208748535
0.0331243073976152
0.0308840952239205
0.0286439817466825
0.0264039669659013
0.0241637547922066
0.0223255332865645
0.0213107363189933
0.0202959393514221
0.0192812410803079
0.0182663454162800
0.0172516471451655
0.0162367514811379
0.0152219545135667
0.0142072562424523
0.0131923605784244
0.0121776623073102
0.0111628653397390
0.0101479696757111
0.00913327140459658
0.00811857313348238
0.00710367746945448
0.00608888050188329
0.00507398483785567
0.00405928656674119
0.00304458829562671
0.00202969263159909
0.00101489566402790
0
-0.00101469827111448
-0.00202939654222868
-0.00304429220625658
-0.00405908917382777
-0.00507378744494225
-0.00608868310896987
-0.00710338138008435
-0.00811827704411225
-0.00913297531522645
-0.0101477722827976
-0.0111626679468255
-0.0121773662179397
-0.0131922618819676
-0.0142069601530821
-0.0152217571206533
-0.0162366527846809
-0.0172513510557954
-0.0182660493269099
-0.0192809449909375
-0.0202957419585087
-0.0213106376225366
-0.0223253358936511
-0.0233400341647653
-0.0243549298287932
-0.0253697267963644
-0.0263844250674786
-0.0273993207315065
-0.0284140190026210
-0.0294289146666486
-0.0304436129377631
-0.0314584099053342
-0.0324733055693621
-0.0334880038404763
-0.0344859237139554
-0.0350759311319813
-0.0356659385500069
-0.0362560446644892
-0.0368460520825150
-0.0374361581969973
-0.0380261656150229
-0.0386161730330487
-0.0392062791475310
-0.0397961878690999
-0.0403862939835825
-0.0409762027051513
-0.0415663088196336
-0.0421565136305729
-0.0427464223521418
-0.0433365284666241
-0.0439264371881932
-0.0445165433026755
-0.0451067481136145
-0.0456966568351837
-0.0462866642532092
-0.0468766716712348
-0.0474667777857174
-0.0480567852037429
-0.0486467926217685
-0.0492368987362511
-0.0498269061542767
-0.0504170122687590
-0.0510070196867848
-0.0515970271048104
-0.0521871332192927
-0.0527771406373185
-0.0533672467518008
-0.0539572541698264
-0.0545472615878523
-0.0551373677023346
-0.0557273751203601
-0.0563174812348427
-0.0569074886528683
-0.0574974960708939
-0.0580876021853764
-0.0586776096034020
-0.0592677157178843
-0.0598577231359102
-0.0604477305539357
-0.0610378366684180
-0.0616278440864439
-0.0622179502009262
-0.0628079576189518
-0.0633979650369776
-0.0639880711514599
-0.0645780785694855
-0.0651681846839680
-0.0657581921019936
-0.0663481995200192
-0.0669383056345018
-0.0675283130525274
-0.0681183204705529
-0.0687084265850355
-0.0692984340030611
-0.0698885401175434
-0.0704785475355692
-0.0710685549535948
-0.0716586610680771
-0.0722486684861029
-0.0728387746005852
-0.0734287820186108
-0.0740187894366367
-0.0746088955511190
-0.0751989029691445
-0.0757890090836271
-0.0763790165016527
-0.0769690239196783
-0.0775591300341608
-0.0781490387557297
-0.0787392435666687
-0.0793290535917811
-0.0799191597062634
-0.0805091671242893
-0.0810992732387716
-0.0816892806567972
-0.0822792880748230
-0.0828693941893053
-0.0834594016073309
-0.0840495077218134
-0.0846395151398390
-0.0852295225578646
-0.0858196286723472
-0.0864096360903728
-0.0869997422048550
-0.0875897496228809
-0.0881797570409065
-0.0887698631553888
-0.0893598705734146
-0.0899499766878969
-0.0905399841059225
-0.0911299915239483
-0.0917200976384306
-0.0923101050564562
-0.0927502912532436
-0.0930727325772131
-0.0933951739011825
-0.0937176152251523
-0.0940400565491218
-0.0943624978730913
-0.0946849391970608
-0.0950073805210303
-0.0953297231485431
-0.0956521644725129
-0.0959746057964824
-0.0962970471204519
-0.0966193897479647
-0.0969419297683909
-0.0972643710923604
-0.0975866150234168
-0.0979092537402997
-0.0982316950642692
-0.0985539389953253
-0.0988763803192948
-0.0991988216432643
-0.0995212629672338
-0.0998437042912035
-0.100166145615173
-0.100488488242686
-0.100810929566655
-0.101133370890625
-0.101455812214594
-0.101778253538564
-0.102100694862534
-0.102423136186503
-0.102745577510473
-0.103068018834442
-0.103390460158412
-0.103712901482381
-0.104035244109894
-0.104357685433864
-0.104680126757833
-0.105002568081803
-0.105325009405772
-0.105647450729742
-0.105969892053711
-0.106292333377681
-0.106614774701650
-0.106937216025620
-0.107259657349589
-0.107581901280646
-0.107904441301072
-0.108226882625042
-0.108549225252554
-0.108871666576524
-0.109194206596950
-0.109516450528006
-0.109838891851976
-0.110161333175945
-0.110483774499915
-0.110806215823884
-0.111128657147854
-0.111451098471823
-0.111773539795793
-0.112095981119763
-0.112418323747275
-0.112740765071245
-0.113063206395214
-0.113385647719184
-0.113708089043153
-0.114030530367123
-0.114352971691093
-0.114675413015062
-0.114997854339032
-0.115320295663001
-0.115642736986971
-0.115965079614484
-0.116287520938453
-0.116609962262423
-0.116932403586392
-0.117254844910362
-0.117577286234331
-0.117899727558301
-0.118222168882270
-0.118544412813327
-0.118866854137296
-0.119189492854179
-0.119511736785235
-0.119834178109205
-0.120156718129631
-0.120479060757144
-0.120801502081113
-0.121124042101540
-0.121446286032596
-0.121768727356565
-0.122091168680535
-0.122413610004505
-0.122736051328474
-0.123058492652444
-0.123380933976413
-0.123703375300383
-0.124025816624352
-0.124348257948322
-0.124670600575835
-0.124993041899804
-0.125315483223774
-0.125637924547743
-0.125960365871713
-0.126282807195682
-0.126605248519652
-0.126927689843621
-0.127250131167591
-0.127572572491560
-0.127894915119073
-0.128217356443043
-0.128539797767012
-0.128862239090982
-0.129184680414951
-0.129506924346008
-0.129829563062890
-0.130151806993947
-0.130474248317916
-0.130796689641886
-0.131119130965855
-0.131441572289825
-0.131764013613794
-0.132086454937764
-0.132408896261733
-0.132731337585703
-0.133053680213216
-0.133376121537185
-0.133698562861155
-0.134021004185124
-0.134343445509094
-0.134665886833064
-0.134988328157033
-0.135310769481003
-0.135633210804972
-0.135955652128942
-0.136278093452911
-0.136600436080424
-0.136922877404394
-0.137245318728363
-0.137567760052333
-0.137890201376302
-0.138212642700272
-0.138535084024241
-0.138857525348211
-0.139179966672181
-0.139502407996150
-0.139824849320120
-0.140147093251176
-0.140469633271602
-0.140792074595571
-0.141114417223084
-0.141436858547054
-0.141759201174567
-0.142081642498536
-0.142404083822506
-0.142726525146475
-0.143048966470445
-0.143371407794414
-0.143693849118384
-0.144016290442353
-0.144338731766323
-0.144661173090292
-0.144983515717806
-0.145305957041775
-0.145628398365745
-0.145950839689714
-0.146273281013684
-0.146595722337653
-0.146918163661623
-0.147240604985592
-0.147563046309562
-0.147885487633531
-0.148207928957501
-0.148530271585014
-0.148852712908983
-0.149175154232953
-0.149497595556922
-0.149820036880892
-0.150142478204861
-0.150464919528831
-0.150787360852800
-0.151109802176770
-0.151432243500740
-0.151715798420778
-0.151899669919570
-0.152083541418363
-0.152267412917155
-0.152451284415948
-0.152635155914740
-0.152819027413533
-0.153002997608782
-0.153186869107575
-0.153370740606367
-0.153554612105160
-0.153738483603952
-0.153922355102745
-0.154106226601538
-0.154290098100330
-0.154473969599123
-0.154657841097915
-0.154841811293164
-0.155025682791957
-0.155209554290749
-0.155393425789542
-0.155577297288334
-0.155761168787127
-0.155945040285920
-0.156128911784712
-0.156312783283505
-0.156496654782297
-0.156680624977547
-0.156864496476339
-0.157048367975132
-0.157232239473924
-0.157416110972717
-0.157599982471509
-0.157783853970302
-0.157967922862008
-0.158151596967887
-0.158335468466679
-0.158519339965472
-0.158703310160721
-0.158887280355970
-0.159071053158306
-0.159254924657099
-0.159438796155891
-0.159622667654684
-0.159806539153477
-0.159990410652269
-0.160174479543975
-0.160358153649854
-0.160542123845103
-0.160725995343896
-0.160909866842688
-0.161093837037938
-0.161277609840274
-0.161461678731980
-0.161645352837859
-0.161829224336651
-0.162013293228357
-0.162196967334236
-0.162381036225942
-0.162564809028278
-0.162748779223527
-0.162932552025863
-0.163116423524656
-0.163300492416362
-0.163484166522241
-0.163668235413947
-0.163851909519826
-0.164035978411532
-0.164219849910324
-0.164403622712660
-0.164587592907910
-0.164771365710245
-0.164955335905495
-0.165139306100744
-0.165323177599536
-0.165507049098329
-0.165690723204208
-0.165874792095914
-0.166058564898250
-0.166242535093499
-0.166426406592292
-0.166610278091084
-0.166794149589877
-0.166977922392213
-0.167161991283919
-0.167345862782711
-0.167529734281503
-0.167713605780296
-0.167897477279089
-0.168081348777881
-0.168265220276674
-0.168449091775466
-0.168632963274259
-0.168816933469508
-0.169000804968301
-0.169184479074180
-0.169368547965886
-0.169552419464678
-0.169736290963471
-0.169920162462263
-0.170104033961056
-0.170287905459848
-0.170471776958641
-0.170655648457433
-0.170839618652683
-0.171023490151475
-0.171207361650268
-0.171391233149060
-0.171575104647853
-0.171758976146646
-0.171942847645438
-0.172126719144231
-0.172310590643023
-0.172494462141816
-0.172678432337065
-0.172862303835857
-0.173046175334650
-0.173230046833442
-0.173413918332235
-0.173597789831028
-0.173781661329820
-0.173965532828613
-0.174149404327405
-0.174333275826198
-0.174517246021447
-0.174701117520240
-0.174884989019032
-0.175068860517825
-0.175252830713074
-0.175436603515410
-0.175620475014202
-0.175804346512995
-0.175988218011787
-0.176172089510580
-0.176356059705829
-0.176540029901078
-0.176723802703414
-0.176907674202207
-0.177091545700999
-0.177275417199792
-0.177459486091498
-0.177643160197377
-0.177827031696170
-0.178010903194962
-0.178194873390211
-0.178378843585461
-0.178562616387796
-0.178746586583046
-0.178930359385382
-0.179114230884174
-0.179298102382967
-0.179481973881759
-0.179666042773465
-0.179849716879344
-0.180033785771050
-0.180217558573386
-0.180401430072179
-0.180585400267428
-0.180769173069764
-0.180953241961470
-0.181136916067349
-0.181320984959055
-0.181504856457847
-0.181688530563726
-0.181872599455432
-0.182056470954225
-0.182240243756561
-0.182424115255353
-0.182608085450603
-0.182791956949395
-0.182975927144644
-0.183159798643437
-0.183343670142229
-0.183527344248109
-0.183711413139814
-0.183895284638607
-0.184079156137400
-0.184263027636192
-0.184446899134985
-0.184630671937321
-0.184814740829027
-0.184998612327819
-0.185182483826611
-0.185366355325404
-0.185550226824197
-0.185734098322989
-0.185917969821782
-0.186101841320574
-0.186285712819367
-0.186469584318159
-0.186653554513409
-0.186837426012201
-0.187021297510994
-0.187205169009786
-0.187389040508579
-0.187572912007371
-0.187756783506164
-0.187940655004956
-0.188124526503749
-0.188308398002541
-0.188492368197791
-0.188676239696583
-0.188860111195376
-0.189043982694168
-0.189227854192961
-0.189411725691754
-0.189595597190546
-0.189779468689339
-0.189963340188131
-0.190147211686924
-0.190331181882173
-0.190515053380965
-0.190698924879758
-0.190882796378551
-0.191066667877343
-0.191250539376136
-0.191434410874928
-0.191618282373721
-0.191802153872513
-0.191986025371306
-0.192169896870098
-0.192353867065348
-0.192537738564140
-0.192721610062933
-0.192905481561725
-0.193089353060518
-0.193273224559310
-0.193457096058103
-0.193640967556895
-0.193824839055688
-0.194008710554481
-0.194192680749730
-0.194376552248522
-0.194560423747315
-0.194744295246107
-0.194928166744900
-0.195112038243693
-0.195295909742485
-0.195479781241278
-0.195663652740070
-0.195847524238863
-0.196031494434112
-0.196215365932904
-0.196399237431697
-0.196583108930490
-0.196766980429282
-0.196951049320988
-0.197134723426867
-0.197318594925660
-0.197502466424452
-0.197686337923245
-0.197870308118494
-0.198054179617287
-0.198238051116079
-0.198421922614872
-0.198605794113664
-0.198789665612457
-0.198973734504163
-0.199157408610042
-0.199341280108834
-0.199525349000540
-0.199709220499333
-0.199892993301669
-0.200076963496918
-0.200260834995711
-0.200444706494503
-0.200628676689752
-0.200812350795631
-0.200996222294424
-0.201180291186130
-0.201364162684923
-0.201548034183715
-0.201731905682508
-0.201915777181300
-0.202099648680093
-0.202283520178885
-0.202467490374135
-0.202651361872927
-0.202835233371719
-0.203019104870512
-0.203202976369305
-0.203386847868097
-0.203570719366890
-0.203754590865682
-0.203938462364475
-0.204122333863267
-0.204306205362060
-0.204490175557309
-0.204674047056102
-0.204857918554894
-0.205041790053687
-0.205225661552480
-0.205409533051272
-0.205593404550064
-0.205777276048857
-0.205961147547649
-0.206145019046442
-0.206328989241691
-0.206512860740484
-0.206696732239276
-0.206880603738069
-0.207064475236862
-0.207248346735654
-0.207432218234447
-0.207616089733239
-0.207799961232032
-0.207983832730824
-0.208167802926073
-0.208351674424866
-0.208535545923659
-0.208719417422451
-0.208903288921244
-0.209087160420036
-0.209271031918829
-0.209454903417621
-0.209638774916414
-0.209822646415206
-0.210006616610456
-0.210190488109248
-0.210374359608041
-0.210558231106833
-0.210742102605626
-0.210925974104418
-0.211109845603211
-0.211293717102003
-0.211477588600796
-0.211661460099589
-0.211845430294838
-0.212015089503869
-0.212128491732593
-0.212241597871946
-0.212354901404214
-0.212468106240024
-0.212581311075835
-0.212694417215189
-0.212807720747456
-0.212921122976180
-0.213034229115534
-0.213147433951344
-0.213260737483612
-0.213373942319422
-0.213487147155233
-0.213600351991043
-0.213713655523310
-0.213826860359121
-0.213939966498475
-0.214053368727199
-0.214166573563009
-0.214279679702363
-0.214392884538174
-0.214506286766897
-0.214619392906251
-0.214732597742062
-0.214845901274329
-0.214959106110140
-0.215072310945950
-0.215185417085304
-0.215298819314028
-0.215412024149838
-0.215525228985649
-0.215638532517916
-0.215751737353727
-0.215864843493081
-0.215978048328891
-0.216091450557615
-0.216204655393426
-0.216317761532780
-0.216431163761503
-0.216544269900857
-0.216657474736668
-0.216770679572479
-0.216884081801202
-0.216997187940556
-0.217110392776367
-0.217223696308634
-0.217336901144445
-0.217450105980255
-0.217563212119609
-0.217676614348333
-0.217789819184143
-0.217903024019954
-0.218016327552221
-0.218129532388032
-0.218242638527386
-0.218355843363196
-0.218469245591920
-0.218582351731274
-0.218695556567084
-0.218808958795808
-0.218922064935162
-0.219035269770973
-0.219148474606783
-0.219261778139051
-0.219374982974861
-0.219488089114215
-0.219601491342939
-0.219714696178749
-0.219827901014560
-0.219941007153914
-0.220054409382638
-0.220167515521992
-0.220280720357802
-0.220394122586526
-0.220507327422337
-0.220620433561690
-0.220733638397501
-0.220846941929768
-0.220960146765579
-0.221073351601389
-0.221186753830113
-0.221299859969467
-0.221413064805278
-0.221526269641088
-0.221639573173356
-0.221752778009166
-0.221865884148520
-0.221979286377244
-0.222092491213054
-0.222205696048865
-0.222318900884675
-0.222432204416943
-0.222545310556297
-0.222658515392107
-0.222771917620831
-0.222885122456642
-0.222998228595995
-0.223111334735349
-0.223224736964073
-0.223337941799884
-0.223451146635694
-0.223564450167962
-0.223677655003772
-0.223790761143126
-0.223903965978936
-0.224017368207660
-0.224130573043471
-0.224243777879282
-0.224357081411549
-0.224470187550903
-0.224583392386713
-0.224696597222524
-0.224809999451248
-0.224923204287058
-0.225036310426412
-0.225149613958679
-0.225262818794490
-0.225376023630300
-0.225489228466111
-0.225602630694835
-0.225715736834189
-0.225828941669999
-0.225942245202266
-0.226055450038077
-0.226168654873888
-0.226281761013241
-0.226395163241965
-0.226508368077776
-0.226621572913586
-0.226734876445854
-0.226848081281664
-0.226961187421018
-0.227074392256829
-0.227187794485553
-0.227300900624906
-0.227414105460717
-0.227527507689441
-0.227640613828795
-0.227753818664605
-0.227867023500416
-0.227980327032683
-0.228093531868494
-0.228206638007847
-0.228320040236571
-0.228433245072382
-0.228546449908192
-0.228659556047546
-0.228772958276270
-0.228886064415624
-0.228999269251435
-0.229112671480159
-0.229225876315969
-0.229338982455323
-0.229452187291134
-0.229565490823401
-0.229678695659211
-0.229791900495022
-0.229905302723746
-0.230018408863100
-0.230131613698910
-0.230244818534721
-0.230358122066988
-0.230471326902799
-0.230584433042152
-0.230697835270876
-0.230811040106687
-0.230924244942497
-0.231037351081851
-0.231150753310575
-0.231263859449929
-0.231377064285740
-0.231490367818007
-0.231603572653817
-0.231716777489628
-0.231829883628982
-0.231943285857706
-0.232056490693516
-0.232169695529327
-0.232282999061594
-0.232396203897405
-0.232509310036758
-0.232622514872569
-0.232735917101293
-0.232849121937104
-0.232962228076457
-0.233075630305181
-0.233188736444535
-0.233301941280346
-0.233415146116156
-0.233528548344880
-0.233641753180691
-0.233754859320045
-0.233868162852312
-0.233981367688122
-0.234094572523933
-0.234207777359743
-0.234321179588467
-0.234434285727821
-0.234547490563632
-0.234660794095899
-0.234773998931709
-0.234887203767520
-0.235000309906874
-0.235113712135598
-0.235226916971408
-0.235340121807219
-0.235453425339486
-0.235566630175297
-0.235679736314651
-0.235792941150461
-0.235906244682728
-0.236019449518539
-0.236132654354349
-0.236246056583073
-0.236359162722427
-0.236472367558238
-0.236585572394048
-0.236698875926315
-0.236812080762126
-0.236925186901480
-0.237038589130204
-0.237151793966014
-0.237264998801825
-0.237378104941179
-0.237491507169903
-0.237604613309257
-0.237717818145067
-0.237831220373791
-0.237944425209602
-0.238057531348955
-0.238170736184766
-0.238284039717033
-0.238397244552844
-0.238510449388654
-0.238623851617378
-0.238736957756732
-0.238850162592543
-0.238963367428353
-0.239076670960620
-0.239189875796431
-0.239302981935785
-0.239416384164509
-0.239529589000319
-0.239642695139673
-0.239755899975484
-0.239869302204208
-0.239982408343561
-0.240095613179372
-0.240208916711639
-0.240322121547450
-0.240435326383260
-0.240548432522614
-0.240661834751338
-0.240775039587149
-0.240888244422959
-0.241001547955227
-0.241114752791037
-0.241227858930391
-0.241341063766201
-0.241454465994925
-0.241567670830736
-0.241680776970090
-0.241794179198814
-0.241907285338168
-0.242020490173978
-0.242133695009789
-0.242247097238513
-0.242360203377866
-0.242473408213677
-0.242586711745944
-0.242699916581755
-0.242813121417565
-0.242926326253376
-0.243039531089186
-0.243152834621454
-0.243266039457264
-0.243379244293075
-0.243492547825342
-0.243605653964696
-0.243718957496963
-0.243832162332774
-0.243945367168584
-0.244058572004395
-0.244171875536662
-0.244285080372472
-0.244398285208283
-0.244511588740550
-0.244624694879904
-0.244737998412171
-0.244851104551525
-0.244964506780249
-0.245077711616060
-0.245190916451870
-0.245304121287681
-0.245417326123491
-0.245530530959302
-0.245643735795112
-0.245757039327380
-0.245870342859647
-0.245983547695457
-0.246096752531268
-0.246209957367079
-0.246323162202889
-0.246436367038700
-0.246549571874510
-0.246662974103234
-0.246776080242588
-0.246889383774855
-0.247002489914209
-0.247115793446476
-0.247228998282287
-0.247342203118097
-0.247455506650365
-0.247568711486175
-0.247681916321986
-0.247795121157796
-0.247908424690063
-0.248021530829417
-0.248134834361684
-0.248248137893952
-0.248361244033306
-0.248474547565573
-0.248587752401383
-0.248700957237194
-0.248814162073005
-0.248927366908815
-0.249040670441082
-0.249153875276893
-0.249267178809160
-0.249380383644971
-0.249493588480781
-0.249606793316592
-0.249719998152402
-0.249833301684670
-0.249946407824023
-0.250059810052747
-0.250172817495644
-0.250286219724368
-0.250399325863722
-0.250512629395989
-0.250625834231800
-0.250739039067611
-0.250852243903421
-0.250965448739232
-0.251078752271499
-0.251191957107309
-0.251305260639577
-0.251418465475387
-0.251531670311198
-0.251644875147008
-0.251758079982819
-0.251871383515086
-0.251984588350897
-0.252097793186707
-0.252211096718974
